1606411247362,1606411248042,680,1
1606411248042,1606411248692,650,1
1606411248692,1606411249352,660,1
1606411249352,1606411250053,701,1
1606411250053,1606411250743,690,1
1606411250743,1606411251454,711,1
1606411251454,1606411252124,670,1
1606411252124,1606411252804,680,1
1606411252804,1606411253474,670,1
1606411253474,1606411254134,660,1
1606411254134,1606411254825,691,1
1606411254825,1606411255444,619,1
1606411255444,1606411256104,660,1
1606411256104,1606411256784,680,1
1606411256784,1606411257464,680,1
1606411257465,1606411258135,670,1
1606411258135,1606411258815,680,1
1606411258815,1606411259475,660,1
1606411259475,1606411260125,650,1
1606411260125,1606411260754,629,1
1606411260754,1606411261415,661,1
1606411261415,1606411262034,619,1
1606411262034,1606411262694,660,1
1606411262694,1606411263344,650,1
1606411263344,1606411264004,660,1
1606411264004,1606411264684,680,1
1606411264685,1606411265385,700,1
1606411265385,1606411266055,670,1
1606411266055,1606411266705,650,1
1606411266705,1606411267324,619,1
1606411267325,1606411267984,659,1
1606411267985,1606411268614,629,1
1606411268614,1606411269294,680,1
1606411269294,1606411269944,650,1
1606411269944,1606411270625,681,1
1606411270625,1606411271285,660,1
1606411271285,1606411271975,690,1
1606411271975,1606411272635,660,1
1606411272635,1606411273872,1237,1
1606411273872,1606411274522,650,1
1606411274522,1606411275182,660,1
1606411275182,1606411275832,650,1
1606411275832,1606411279519,3687,1
1606411279519,1606411280189,670,1
1606411280189,1606411280839,650,1
1606411280839,1606411281499,660,1
1606411281499,1606411282159,660,1
1606411282159,1606411282788,629,1
1606411282788,1606411283458,670,1
1606411283459,1606411284118,659,1
1606411284119,1606411284748,629,1
1606411284748,1606411285358,610,1
1606411285358,1606411285977,619,1
1606411285977,1606411286576,599,1
1606411286576,1606411287156,580,1
1606411287156,1606411287765,609,1
1606411287765,1606411288425,660,1
1606411288425,1606411289106,681,1
1606411289106,1606411289756,650,1
1606411289756,1606411290405,649,1
1606411290405,1606411291035,630,1
1606411291035,1606411294712,3677,1
1606411294712,1606411295362,650,1
1606411295362,1606411295971,609,1
1606411295971,1606411296652,681,1
1606411296652,1606411297352,700,1
1606411297352,1606411297992,640,1
1606411297992,1606411298632,640,1
1606411298632,1606411299312,680,1
1606411299312,1606411299962,650,1
1606411299962,1606411300622,660,1
1606411300622,1606411301272,650,1
1606411301272,1606411301962,690,1
1606411301962,1606411303037,1075,1
1606411303037,1606411303727,690,1
1606411303727,1606411304397,670,1
1606411304397,1606411305047,650,1
1606411305047,1606411305707,660,1
1606411305707,1606411306438,731,1
1606411306438,1606411310135,3697,1
1606411310135,1606411310825,690,1
1606411310825,1606411311485,660,1
1606411311485,1606411312176,691,1
1606411312176,1606411312825,649,1
1606411312826,1606411314022,1196,1
1606411314022,1606411314712,690,1
1606411314713,1606411315413,700,1
1606411315413,1606411316032,619,1
1606411316032,1606411319719,3687,1
1606411319719,1606411320369,650,1
1606411320369,1606411321708,1339,1
1606411321708,1606411322378,670,1
1606411322378,1606411323068,690,1
1606411323068,1606411323758,690,1
1606411323758,1606411324439,681,1
1606411324439,1606411325119,680,1
1606411325119,1606411325789,670,1
1606411325789,1606411326449,660,1
1606411326449,1606411335795,9346,1
1606411335795,1606411345658,9863,1
1606411345658,1606411346348,690,1
1606411346348,1606411347059,711,1
1606411347059,1606411347708,649,1
1606411347709,1606411348368,659,1
1606411348368,1606411348998,630,1
1606411348998,1606411352695,3697,1
1606411352696,1606411353376,680,1
1606411353376,1606411354026,650,1
1606411354026,1606411354746,720,1
1606411354746,1606411355953,1207,1
1606411355953,1606411359721,3768,1
1606411359721,1606411360381,660,1
1606411360381,1606411361031,650,1
1606411361031,1606411362308,1277,1
1606411362309,1606411363019,710,1
1606411363019,1606411363709,690,1
1606411363709,1606411364380,671,1
1606411364380,1606411365060,680,1
1606411365060,1606411365740,680,1
1606411365740,1606411366400,660,1
1606411366400,1606411367060,660,1
1606411367060,1606411367689,629,1
1606411367690,1606411368349,659,1
1606411368350,1606411368969,619,1
1606411368969,1606411369629,660,1
1606411369629,1606411370836,1207,1
1606411370836,1606411371496,660,1
1606411371496,1606411372135,639,1
1606411372135,1606411372795,660,1
1606411372795,1606411373476,681,1
1606411373476,1606411374126,650,1
1606411374126,1606411374836,710,1
1606411374836,1606411375517,681,1
1606411375517,1606411376622,1105,1
1606411376622,1606411377302,680,1
1606411377302,1606411378489,1187,1
1606411378489,1606411379169,680,1
1606411379169,1606411380477,1308,1
1606411380477,1606411381147,670,1
1606411381147,1606411381857,710,1
1606411381858,1606411382548,690,1
1606411382548,1606411386286,3738,1
1606411386286,1606411386986,700,1
1606411386986,1606411387646,660,1
1606411387646,1606411388347,701,1
1606411388347,1606411389047,700,1
1606411389047,1606411389727,680,1
1606411389727,1606411390408,681,1
1606411390408,1606411391088,680,1
1606411391088,1606411391788,700,1
1606411391788,1606411395557,3769,1
1606411395557,1606411396287,730,1
1606411396287,1606411396968,681,1
1606411396968,1606411397668,700,1
1606411397668,1606411398399,731,1
1606411398399,1606411399089,690,1
1606411399089,1606411399729,640,1
1606411399729,1606411400348,619,1
1606411400349,1606411401059,710,1
1606411401059,1606411401739,680,1
1606411401739,1606411402419,680,1
1606411402419,1606411403626,1207,1
1606411403626,1606411404306,680,1
1606411404306,1606411404956,650,1
1606411404956,1606411405606,650,1
1606411405606,1606411406266,660,1
1606411406266,1606411406916,650,1
1606411406916,1606411407607,691,1
1606411407607,1606411408256,649,1
1606411408256,1606411408906,650,1
1606411408906,1606411409597,691,1
1606411409597,1606411410277,680,1
1606411410277,1606411413903,3626,1
1606411413903,1606411414523,620,1
1606411414523,1606411415203,680,1
1606411415203,1606411415853,650,1
1606411415853,1606411416513,660,1
1606411416513,1606411417193,680,1
1606411417193,1606411417813,620,1
1606411417813,1606411418503,690,1
1606411418503,1606411419153,650,1
1606411419153,1606411419813,660,1
1606411419813,1606411420453,640,1
1606411420453,1606411421092,639,1
1606411421092,1606411421773,681,1
1606411421773,1606411422423,650,1
1606411422423,1606411423072,649,1
1606411423072,1606411423722,650,1
1606411423722,1606411424382,660,1
1606411424382,1606411425042,660,1
1606411425042,1606411425722,680,1
1606411425723,1606411426403,680,1
1606411426403,1606411427022,619,1
1606411427022,1606411427712,690,1
1606411427713,1606411428352,639,1
1606411428352,1606411429012,660,1
1606411429012,1606411430168,1156,1
1606411430168,1606411430848,680,1
1606411430849,1606411431559,710,1
1606411431559,1606411432179,620,1
1606411432179,1606411432788,609,1
1606411432788,1606411433448,660,1
1606411433448,1606411434118,670,1
1606411434118,1606411434778,660,1
1606411434778,1606411435782,1004,1
1606411435782,1606411436463,681,1
1606411436463,1606411437265,802,1
1606411437265,1606411438390,1125,1
1606411438390,1606411439060,670,1
1606411439060,1606411439731,671,1
1606411439731,1606411440381,650,1
1606411440381,1606411460593,20212,0
1606411460593,1606411461263,670,1
1606411461263,1606411462338,1075,1
1606411462338,1606411462978,640,1
1606411462978,1606411464174,1196,1
1606411464174,1606411464834,660,1
1606411464834,1606411465454,620,1
1606411465454,1606411466083,629,1
1606411466084,1606411466713,629,1
1606411466713,1606411467900,1187,1
1606411467900,1606411468499,599,1
1606411468499,1606411469108,609,1
1606411469108,1606411469738,630,1
1606411469738,1606411470357,619,1
1606411470357,1606411470977,620,1
1606411470977,1606411471566,589,1
1606411471566,1606411472783,1217,1
1606411472783,1606411473412,629,1
1606411473412,1606411473961,549,1
1606411473961,1606411474510,549,1
1606411474510,1606411474998,488,1
1606411474998,1606411475536,538,1
1606411475536,1606411476075,539,1
1606411476075,1606411476613,538,1
1606411476613,1606411496824,20211,0
1606411496824,1606411497302,478,1
1606411497302,1606411497779,477,1
1606411497779,1606411498257,478,1
1606411498257,1606411518467,20210,0
1606411518468,1606411518986,518,1
1606411518986,1606411519504,518,1
1606411519505,1606411519982,477,1
1606411519982,1606411520470,488,1
1606411520470,1606411540680,20210,0
1606411540680,1606411541259,579,1
1606411541259,1606411541767,508,1
1606411541767,1606411542265,498,1
1606411542265,1606411542794,529,1
1606411542794,1606411543271,477,1
1606411543272,1606411543800,528,1
1606411543800,1606411544328,528,1
1606411544328,1606411544938,610,1
1606411544938,1606411545486,548,1
1606411545486,1606411546035,549,1
1606411546035,1606411566246,20211,0
1606411566246,1606411566764,518,1
1606411566764,1606411567262,498,1
1606411567262,1606411587477,20215,0
1606411587477,1606411587955,478,1
1606411587955,1606411588483,528,1
1606411588483,1606411588961,478,1
1606411588961,1606411589429,468,1
1606411589429,1606411589917,488,1
1606411589917,1606411590425,508,1
1606411590425,1606411590893,468,1
1606411590893,1606411591401,508,1
1606411591401,1606411591929,528,1
1606411591929,1606411592427,498,1
1606411592427,1606411592935,508,1
1606411592935,1606411593413,478,1
1606411593413,1606411593891,478,1
1606411593891,1606411594399,508,1
1606411594399,1606411594927,528,1
1606411594927,1606411595425,498,1
1606411595425,1606411595883,458,1
1606411595883,1606411596391,508,1
1606411596391,1606411596899,508,1
1606411596899,1606411597387,488,1
1606411597387,1606411597875,488,1
1606411597875,1606411598322,447,1
1606411598322,1606411601827,3505,1
1606411601827,1606411602315,488,1
1606411602315,1606411602813,498,1
1606411602813,1606411603291,478,1
1606411603291,1606411603799,508,1
1606411603799,1606411604317,518,1
1606411604317,1606411604856,539,1
1606411604856,1606411605374,518,1
1606411605374,1606411605862,488,1
1606411605862,1606411606330,468,1
1606411606330,1606411606807,477,1
1606411606808,1606411607265,457,1
1606411607265,1606411607773,508,1
1606411607773,1606411608221,448,1
1606411608221,1606411608708,487,1
1606411608708,1606411609247,539,1
1606411609247,1606411609775,528,1
1606411609775,1606411610263,488,1
1606411610263,1606411610741,478,1
1606411610741,1606411611269,528,1
1606411611269,1606411611747,478,1
1606411611747,1606411612275,528,1
1606411612275,1606411612784,509,1
1606411612784,1606411613251,467,1
1606411613251,1606411613739,488,1
1606411613739,1606411614257,518,1
1606411614257,1606411614745,488,1
1606411614745,1606411615243,498,1
1606411615244,1606411615721,477,1
1606411615721,1606411616270,549,1
1606411616270,1606411616798,528,1
1606411616798,1606411617337,539,1
1606411617337,1606411617895,558,1
1606411617896,1606411618414,518,1
1606411618414,1606411618952,538,1
1606411618952,1606411619481,529,1
1606411619481,1606411619979,498,1
1606411619979,1606411620456,477,1
1606411620456,1606411620954,498,1
1606411620954,1606411621432,478,1
1606411621432,1606411621940,508,1
1606411621940,1606411622438,498,1
1606411622438,1606411622946,508,1
1606411622946,1606411623475,529,1
1606411623475,1606411623983,508,1
1606411623983,1606411644193,20210,0
1606411644193,1606411644732,539,1
1606411644732,1606411645200,468,1
1606411645200,1606411645728,528,1
1606411645728,1606411646267,539,1
1606411646267,1606411646846,579,1
1606411646846,1606411647799,953,1
1606411647799,1606411648328,529,1
1606411648328,1606411648826,498,1
1606411648826,1606411649334,508,1
1606411649334,1606411650338,1004,1
1606411650338,1606411650866,528,1
1606411650866,1606411671087,20221,0
1606411671087,1606411671575,488,1
1606411671575,1606411691788,20213,0
1606411691788,1606411692286,498,1
1606411692286,1606411692794,508,1
1606411692794,1606411693373,579,1
1606411693373,1606411693861,488,1
1606411693861,1606411694379,518,1
1606411694379,1606411694917,538,1
1606411694918,1606411695385,467,1
1606411695385,1606411695833,448,1
1606411695833,1606411696290,457,1
1606411696290,1606411696758,468,1
1606411696758,1606411697276,518,1
1606411697276,1606411697795,519,1
1606411697795,1606411698313,518,1
1606411698313,1606411698801,488,1
1606411698801,1606411699278,477,1
1606411699278,1606411699786,508,1
1606411699787,1606411700325,538,1
1606411700325,1606411700864,539,1
1606411700864,1606411701372,508,1
1606411701372,1606411701930,558,1
1606411701930,1606411702418,488,1
1606411702418,1606411702926,508,1
1606411702926,1606411703424,498,1
1606411703424,1606411703922,498,1
1606411703923,1606411704471,548,1
1606411704471,1606411704969,498,1
1606411704969,1606411705447,478,1
1606411705447,1606411705965,518,1
1606411705965,1606411706494,529,1
1606411706494,1606411707559,1065,1
1606411707559,1606411708017,458,1
1606411708017,1606411708525,508,1
1606411708525,1606411709053,528,1
1606411709053,1606411709561,508,1
1606411709561,1606411710059,498,1
1606411710059,1606411710598,539,1
1606411710598,1606411711106,508,1
1606411711106,1606411731318,20212,0
1606411731318,1606411731816,498,1
1606411731816,1606411732304,488,1
1606411732304,1606411732792,488,1
1606411732792,1606411733290,498,1
1606411733290,1606411733788,498,1
1606411733788,1606411734327,539,1
1606411734327,1606411734774,447,1
1606411734774,1606411735262,488,1
1606411735262,1606411735740,478,1
1606411735740,1606411755950,20210,0
1606411755950,1606411756691,741,1
1606411756691,1606411757179,488,1
1606411757179,1606411757656,477,1
1606411757656,1606411758124,468,1
1606411758124,1606411758703,579,1
1606411758703,1606411759231,528,1
1606411759231,1606411779452,20221,0
1606411779452,1606411779970,518,1
1606411779970,1606411800181,20211,0
1606411800181,1606411800699,518,1
1606411800699,1606411801237,538,1
1606411801238,1606411801705,467,1
1606411801705,1606411802223,518,1
1606411802224,1606411802813,589,1
1606411802813,1606411803402,589,1
1606411803402,1606411804021,619,1
1606411804021,1606411804641,620,1
1606411804641,1606411805331,690,1
1606411805331,1606411805981,650,1
1606411805981,1606411806641,660,1
1606411806641,1606411807291,650,1
1606411807291,1606411807951,660,1
1606411807951,1606411808601,650,1
1606411808601,1606411809261,660,1
1606411809261,1606411809850,589,1
1606411809850,1606411810470,620,1
1606411810470,1606411811059,589,1
1606411811059,1606411811699,640,1
1606411811699,1606411831909,20210,0
1606411831909,1606411833156,1247,1
1606411833156,1606411833806,650,1
1606411833806,1606411834506,700,1
1606411834507,1606411835167,660,1
1606411835167,1606411835898,731,1
1606411835898,1606411836548,650,1
1606411836548,1606411837764,1216,1
1606411837764,1606411838516,752,1
1606411838516,1606411839216,700,1
1606411839216,1606411839825,609,1
1606411839825,1606411840485,660,1
1606411840486,1606411841135,649,1
1606411841135,1606411841867,732,1
1606411841867,1606411842588,721,1
1606411842588,1606411843278,690,1
1606411843278,1606411843928,650,1
1606411843928,1606411844709,781,1
1606411844709,1606411848417,3708,1
1606411848417,1606411849047,630,1
1606411849047,1606411849666,619,1
1606411849666,1606411850275,609,1
1606411850275,1606411850875,600,1
1606411850875,1606411851484,609,1
1606411851484,1606411852104,620,1
1606411852104,1606411852713,609,1
1606411852713,1606411853768,1055,1
1606411853768,1606411854398,630,1
1606411854398,1606411854977,579,1
1606411854977,1606411855526,549,1
1606411855526,1606411856165,639,1
1606411856165,1606411856764,599,1
1606411856764,1606411857262,498,1
1606411857262,1606411857821,559,1
1606411857821,1606411858430,609,1
1606411858430,1606411859019,589,1
1606411859020,1606411859578,558,1
1606411859578,1606411860117,539,1
1606411860117,1606411860564,447,1
1606411860564,1606411861093,529,1
1606411861093,1606411861662,569,1
1606411861662,1606411862251,589,1
1606411862251,1606411862779,528,1
1606411862779,1606411863328,549,1
1606411863328,1606411883538,20210,0
1606411883538,1606411884147,609,1
1606411884147,1606411884706,559,1
1606411884706,1606411885214,508,1
1606411885214,1606411885783,569,1
1606411885783,1606411886332,549,1
1606411886332,1606411886830,498,1
1606411886830,1606411887339,509,1
1606411887339,1606411887888,549,1
1606411887888,1606411888396,508,1
1606411888396,1606411908606,20210,0
1606411908606,1606411909235,629,1
1606411909235,1606411909804,569,1
1606411909804,1606411910383,579,1
1606411910383,1606411910881,498,1
1606411910881,1606411911369,488,1
1606411911369,1606411911938,569,1
1606411911938,1606411912446,508,1
1606411912446,1606411913005,559,1
1606411913005,1606411913605,600,1
1606411913605,1606411914174,569,1
1606411914174,1606411914732,558,1
1606411914732,1606411915261,529,1
1606411915261,1606411915769,508,1
1606411915769,1606411935978,20209,0
1606411935978,1606411936568,590,1
1606411936568,1606411937045,477,1
1606411937045,1606411937543,498,1
1606411937543,1606411938021,478,1
1606411938021,1606411938499,478,1
1606411938499,1606411939037,538,1
1606411939037,1606411939556,519,1
1606411939556,1606411940064,508,1
1606411940064,1606411940541,477,1
1606411940541,1606411941120,579,1
1606411941120,1606411941568,448,1
1606411941568,1606411942106,538,1
1606411942107,1606411942594,487,1
1606411942594,1606411943072,478,1
1606411943072,1606411943661,589,1
1606411943661,1606411944210,549,1
1606411944210,1606411944799,589,1
1606411944799,1606411945378,579,1
1606411945378,1606411945896,518,1
1606411945896,1606411946465,569,1
1606411946465,1606411947014,549,1
1606411947014,1606411950772,3758,1
1606411950772,1606411951331,559,1
1606411951331,1606411951889,558,1
1606411951889,1606411952387,498,1
1606411952387,1606411955912,3525,1
1606411955912,1606411956410,498,1
1606411956410,1606411956969,559,1
1606411956969,1606411957528,559,1
1606411957528,1606411958046,518,1
1606411958046,1606411958605,559,1
1606411958605,1606411959153,548,1
1606411959153,1606411959692,539,1
1606411959692,1606411960241,549,1
1606411960241,1606411960789,548,1
1606411960789,1606411961267,478,1
1606411961267,1606411961775,508,1
1606411961775,1606411962334,559,1
1606411962334,1606411962832,498,1
1606411962832,1606411983042,20210,0
1606411983042,1606411983783,741,1
1606411983783,1606411987379,3596,1
1606411987379,1606411987877,498,1
1606411987877,1606411988416,539,1
1606411988416,1606411988964,548,1
1606411988964,1606411989493,529,1
1606411989493,1606411990011,518,1
1606411990011,1606411990519,508,1
1606411990519,1606412010729,20210,0
1606412010729,1606412011308,579,1
1606412011308,1606412011816,508,1
1606412011816,1606412012325,509,1
1606412012325,1606412012863,538,1
1606412012863,1606412013351,488,1
1606412013351,1606412013889,538,1
1606412013889,1606412014448,559,1
1606412014448,1606412014936,488,1
1606412014936,1606412015444,508,1
1606412015444,1606412016023,579,1
1606412016023,1606412016521,498,1
1606412016521,1606412016999,478,1
1606412016999,1606412017537,538,1
1606412017537,1606412018035,498,1
1606412018035,1606412018574,539,1
1606412018574,1606412019082,508,1
1606412019082,1606412019560,478,1
1606412019560,1606412020037,477,1
1606412020037,1606412020515,478,1
1606412020515,1606412021013,498,1
1606412021013,1606412021572,559,1
1606412021572,1606412022151,579,1
1606412022151,1606412022649,498,1
1606412022649,1606412023167,518,1
1606412023167,1606412023746,579,1
1606412023746,1606412043956,20210,0
1606412043956,1606412044434,478,1
1606412044434,1606412044912,478,1
1606412044912,1606412045389,477,1
1606412045389,1606412045897,508,1
1606412045897,1606412046416,519,1
1606412046416,1606412047025,609,1
1606412047025,1606412047534,509,1
1606412047534,1606412048082,548,1
1606412048082,1606412068292,20210,0
1606412068292,1606412068810,518,1
1606412068810,1606412069359,549,1
1606412069359,1606412089569,20210,0
1606412089569,1606412090108,539,1
1606412090108,1606412090646,538,1
1606412090646,1606412091175,529,1
1606412091175,1606412091683,508,1
1606412091683,1606412092171,488,1
1606412092171,1606412092679,508,1
1606412092679,1606412093157,478,1
1606412093157,1606412093665,508,1
1606412093665,1606412094193,528,1
1606412094193,1606412094691,498,1
1606412094691,1606412095169,478,1
1606412095169,1606412095667,498,1
1606412095667,1606412096155,488,1
1606412096155,1606412096622,467,1
1606412096622,1606412097131,509,1
1606412097131,1606412097618,487,1
1606412097618,1606412117828,20210,0
1606412117828,1606412118316,488,1
1606412118316,1606412118783,467,1
1606412118783,1606412119261,478,1
1606412119261,1606412119739,478,1
1606412119739,1606412120247,508,1
1606412120247,1606412120695,448,1
1606412120695,1606412121203,508,1
1606412121203,1606412121680,477,1
1606412121680,1606412122158,478,1
1606412122158,1606412122666,508,1
1606412122666,1606412123164,498,1
1606412123164,1606412123672,508,1
1606412123673,1606412124160,487,1
1606412124160,1606412124638,478,1
1606412124638,1606412125126,488,1
1606412125126,1606412125604,478,1
1606412125604,1606412126092,488,1
1606412126092,1606412126580,488,1
1606412126580,1606412127068,488,1
1606412127068,1606412127566,498,1
1606412127566,1606412128074,508,1
1606412128074,1606412128551,477,1
1606412128552,1606412128999,447,1
1606412128999,1606412129537,538,1
1606412129537,1606412130005,468,1
1606412130005,1606412130483,478,1
1606412130483,1606412130960,477,1
1606412130961,1606412131438,477,1
1606412131438,1606412131946,508,1
1606412131947,1606412132424,477,1
1606412132424,1606412132902,478,1
1606412132902,1606412133380,478,1
1606412133380,1606412133858,478,1
1606412133858,1606412134335,477,1
1606412134335,1606412134894,559,1
1606412134894,1606412135939,1045,1
1606412135939,1606412136417,478,1
1606412136417,1606412156629,20212,0
1606412156629,1606412157147,518,1
1606412157147,1606412157665,518,1
1606412157665,1606412158173,508,1
1606412158173,1606412158651,478,1
1606412158651,1606412159108,457,1
1606412159108,1606412159586,478,1
1606412159586,1606412160064,478,1
1606412160064,1606412160551,487,1
1606412160552,1606412161049,497,1
1606412161049,1606412161527,478,1
1606412161527,1606412161995,468,1
1606412161995,1606412162503,508,1
1606412162503,1606412162950,447,1
1606412162950,1606412163428,478,1
1606412163428,1606412163906,478,1
1606412163906,1606412167542,3636,1
1606412167542,1606412168020,478,1
1606412168020,1606412168548,528,1
1606412168548,1606412169036,488,1
1606412169036,1606412169605,569,1
1606412169605,1606412170102,497,1
1606412170103,1606412170600,497,1
1606412170600,1606412171139,539,1
1606412171139,1606412171586,447,1
1606412171586,1606412172064,478,1
1606412172064,1606412172542,478,1
1606412172542,1606412173040,498,1
1606412173040,1606412173517,477,1
1606412173517,1606412193731,20214,0
1606412193732,1606412197240,3508,1
1606412197240,1606412197911,671,1
1606412197911,1606412207677,9766,1
1606412207677,1606412208894,1217,1
1606412208894,1606412229107,20213,0
1606412229107,1606412232856,3749,1
1606412232856,1606412242780,9924,1
1606412242780,1606412243522,742,1
1606412243522,1606412244213,691,1
1606412244213,1606412244924,711,1
1606412244924,1606412245635,711,1
1606412245635,1606412247764,2129,1
1606412247764,1606412248566,802,1
1606412248566,1606412249277,711,1
1606412249277,1606412250505,1228,1
1606412250505,1606412251185,680,1
1606412251185,1606412255055,3870,1
1606412255055,1606412255817,762,1
1606412255817,1606412256558,741,1
1606412256558,1606412257269,711,1
1606412257269,1606412277480,20211,0
1606412277480,1606412278191,711,1
1606412278191,1606412278872,681,1
1606412278872,1606412279543,671,1
1606412279543,1606412280223,680,1
1606412280223,1606412281522,1299,1
1606412281522,1606412282243,721,1
1606412282243,1606412283460,1217,1
1606412283460,1606412284718,1258,1
1606412284718,1606412285986,1268,1
1606412285986,1606412286677,691,1
1606412286677,1606412287388,711,1
1606412287388,1606412288545,1157,1
1606412288545,1606412289266,721,1
1606412289266,1606412289947,681,1
1606412289947,1606412291083,1136,1
1606412291083,1606412292169,1086,1
1606412292169,1606412293376,1207,1
1606412293376,1606412294107,731,1
1606412294107,1606412294778,671,1
1606412294778,1606412295459,681,1
1606412295459,1606412296200,741,1
1606412296200,1606412296901,701,1
1606412296901,1606412298888,1987,1
1606412298888,1606412299579,691,1
1606412299579,1606412300340,761,1
1606412300341,1606412301072,731,1
1606412301072,1606412310684,9612,1
1606412310684,1606412311750,1066,1
1606412311750,1606412331960,20210,0
1606412331961,1606412332672,711,1
1606412332672,1606412352883,20211,0
1606412352883,1606412353584,701,1
1606412353584,1606412373798,20214,0
1606412373798,1606412374519,721,1
1606412374519,1606412378271,3752,1
1606412378271,1606412378961,690,1
1606412378962,1606412379612,650,1
1606412379612,1606412380283,671,1
1606412380283,1606412380994,711,1
1606412380994,1606412381634,640,1
1606412381634,1606412382285,651,1
1606412382285,1606412382976,691,1
1606412382976,1606412383708,732,1
1606412383708,1606412384378,670,1
1606412384378,1606412385069,691,1
1606412385069,1606412385709,640,1
1606412385709,1606412386400,691,1
1606412386400,1606412387101,701,1
1606412387101,1606412387863,762,1
1606412387863,1606412391652,3789,1
1606412391652,1606412392333,681,1
1606412392333,1606412392983,650,1
1606412392983,1606412393623,640,1
1606412393623,1606412394314,691,1
1606412394314,1606412395552,1238,1
1606412395552,1606412396233,681,1
1606412396233,1606412396864,631,1
1606412396864,1606412397544,680,1
1606412397544,1606412398215,671,1
1606412398215,1606412398905,690,1
1606412398905,1606412399606,701,1
1606412399606,1606412400277,671,1
1606412400277,1606412401018,741,1
1606412401018,1606412401719,701,1
1606412401719,1606412402926,1207,1
1606412402926,1606412403627,701,1
1606412403628,1606412404328,700,1
1606412404328,1606412406426,2098,1
1606412406426,1606412407130,704,1
1606412407130,1606412408328,1198,1
1606412408328,1606412409018,690,1
1606412409018,1606412409689,671,1
1606412409689,1606412410349,660,1
1606412410350,1606412412387,2037,1
1606412412387,1606412413037,650,1
1606412413037,1606412414103,1066,1
1606412414103,1606412414814,711,1
1606412414814,1606412435027,20213,0
1606412435027,1606412435718,691,1
1606412435718,1606412436378,660,1
1606412436378,1606412437059,681,1
1606412437059,1606412437750,691,1
1606412437750,1606412438380,630,1
1606412438380,1606412439030,650,1
1606412439030,1606412439660,630,1
1606412439660,1606412449605,9945,1
1606412449605,1606412450336,731,1
1606412450336,1606412470543,20207,0
1606412470543,1606412471295,752,1
1606412471295,1606412472016,721,1
1606412472016,1606412472788,772,1
1606412472788,1606412473955,1167,1
1606412473955,1606412475223,1268,1
1606412475223,1606412475964,741,1
1606412475965,1606412477182,1217,1
1606412477182,1606412479412,2230,1
1606412479412,1606412480680,1268,1
1606412480680,1606412481381,701,1
1606412481381,1606412482112,731,1
1606412482112,1606412482823,711,1
1606412482823,1606412483524,701,1
1606412483524,1606412484256,732,1
1606412484256,1606412484957,701,1
1606412484957,1606412485637,680,1
1606412485637,1606412486308,671,1
1606412486308,1606412496060,9752,1
1606412496060,1606412497288,1228,1
1606412497288,1606412497786,498,1
1606412497786,1606412498304,518,1
1606412498304,1606412498772,468,1
1606412498772,1606412499280,508,1
1606412499280,1606412499788,508,1
1606412499788,1606412500286,498,1
1606412500286,1606412500804,518,1
1606412500804,1606412501747,943,1
1606412501748,1606412502246,498,1
1606412502246,1606412502754,508,1
1606412502754,1606412503222,468,1
1606412503222,1606412503699,477,1
1606412503699,1606412504177,478,1
1606412504177,1606412504706,529,1
1606412504706,1606412505183,477,1
1606412505183,1606412505651,468,1
1606412505651,1606412506149,498,1
1606412506149,1606412506627,478,1
1606412506627,1606412507155,528,1
1606412507155,1606412527366,20211,0
1606412527366,1606412527854,488,1
1606412527854,1606412528362,508,1
1606412528362,1606412548577,20215,0
1606412548577,1606412549146,569,1
1606412549146,1606412549796,650,1
1606412549796,1606412550375,579,1
1606412550375,1606412550913,538,1
1606412550914,1606412551381,467,1
1606412551381,1606412551869,488,1
1606412551869,1606412552377,508,1
1606412552377,1606412552845,468,1
1606412552845,1606412553323,478,1
1606412553323,1606412553831,508,1
1606412553831,1606412554359,528,1
1606412554359,1606412554878,519,1
1606412554878,1606412555416,538,1
1606412555416,1606412555884,468,1
1606412555884,1606412556392,508,1
1606412556392,1606412556890,498,1
1606412556890,1606412557398,508,1
1606412557398,1606412557876,478,1
1606412557876,1606412558374,498,1
1606412558374,1606412558852,478,1
1606412558852,1606412559330,478,1
1606412559330,1606412559848,518,1
1606412559848,1606412560316,468,1
1606412560316,1606412560814,498,1
1606412560814,1606412561302,488,1
1606412561302,1606412561820,518,1
1606412561820,1606412562500,680,1
1606412562500,1606412562978,478,1
1606412562978,1606412563486,508,1
1606412563486,1606412563964,478,1
1606412563964,1606412564442,478,1
1606412564442,1606412564950,508,1
1606412564950,1606412565448,498,1
1606412565448,1606412565926,478,1
1606412565926,1606412566454,528,1
1606412566454,1606412566932,478,1
1606412566932,1606412567410,478,1
1606412567410,1606412567918,508,1
1606412567918,1606412568386,468,1
1606412568386,1606412568894,508,1
1606412568894,1606412569351,457,1
1606412569351,1606412569860,509,1
1606412569860,1606412570347,487,1
1606412570348,1606412570835,487,1
1606412570835,1606412571333,498,1
1606412571333,1606412571841,508,1
1606412571841,1606412572309,468,1
1606412572309,1606412572858,549,1
1606412572858,1606412573316,458,1
1606412573316,1606412573793,477,1
1606412573794,1606412574271,477,1
1606412574271,1606412574749,478,1
1606412574749,1606412575237,488,1
1606412575237,1606412595448,20211,0
1606412595448,1606412595967,519,1
1606412595967,1606412596465,498,1
1606412596465,1606412596942,477,1
1606412596942,1606412597461,519,1
1606412597461,1606412597979,518,1
1606412597979,1606412598477,498,1
1606412598477,1606412598985,508,1
1606412598985,1606412599453,468,1
1606412599453,1606412599961,508,1
1606412599961,1606412600459,498,1
1606412600459,1606412600967,508,1
1606412600967,1606412601425,458,1
1606412601425,1606412601902,477,1
1606412601902,1606412602350,448,1
1606412602350,1606412602828,478,1
1606412602828,1606412603305,477,1
1606412603305,1606412603793,488,1
1606412603793,1606412604271,478,1
1606412604271,1606412604759,488,1
1606412604759,1606412605267,508,1
1606412605267,1606412605826,559,1
1606412605826,1606412606333,507,1
1606412606333,1606412606810,477,1
1606412606811,1606412607319,508,1
1606412607319,1606412607817,498,1
1606412607817,1606412628028,20211,0
1606412628029,1606412628507,478,1
1606412628507,1606412628985,478,1
1606412628985,1606412629473,488,1
1606412629473,1606412629952,479,1
1606412629952,1606412630430,478,1
1606412630430,1606412630949,519,1
1606412630949,1606412631548,599,1
1606412631548,1606412632026,478,1
1606412632026,1606412632535,509,1
1606412632535,1606412632983,448,1
1606412632983,1606412633441,458,1
1606412633441,1606412633950,509,1
1606412633950,1606412634418,468,1
1606412634418,1606412634926,508,1
1606412634927,1606412635425,498,1
1606412635425,1606412635974,549,1
1606412635974,1606412636584,610,1
1606412636584,1606412656797,20213,0
1606412656797,1606412657316,519,1
1606412657316,1606412657825,509,1
1606412657825,1606412658374,549,1
1606412658374,1606412659004,630,1
1606412659004,1606412659503,499,1
1606412659503,1606412660012,509,1
1606412660012,1606412680224,20212,0
1606412680224,1606412680905,681,1
1606412680905,1606412681423,518,1
1606412681424,1606412681932,508,1
1606412681932,1606412682431,499,1
1606412682431,1606412682929,498,1
1606412682929,1606412683387,458,1
1606412683387,1606412683865,478,1
1606412683866,1606412684344,478,1
1606412684344,1606412684873,529,1
1606412684873,1606412685381,508,1
1606412685381,1606412685859,478,1
1606412685859,1606412686358,499,1
1606412686358,1606412686907,549,1
1606412686907,1606412687416,509,1
1606412687416,1606412707626,20210,0
1606412707626,1606412708144,518,1
1606412708144,1606412708672,528,1
1606412708672,1606412709150,478,1
1606412709150,1606412709679,529,1
1606412709679,1606412710258,579,1
1606412710258,1606412710766,508,1
1606412710766,1606412711254,488,1
1606412711254,1606412711772,518,1
1606412711772,1606412712300,528,1
1606412712300,1606412712960,660,1
1606412712960,1606412713590,630,1
1606412713590,1606412714189,599,1
1606412714189,1606412714677,488,1
1606412714677,1606412734887,20210,0
1606412734887,1606412735426,539,1
1606412735426,1606412735954,528,1
1606412735955,1606412736432,477,1
1606412736432,1606412736961,529,1
1606412736961,1606412740567,3606,1
1606412740567,1606412741045,478,1
1606412741045,1606412741553,508,1
1606412741553,1606412742071,518,1
1606412742071,1606412742601,530,1
1606412742601,1606412743200,599,1
1606412743200,1606412743749,549,1
1606412743749,1606412744409,660,1
1606412744409,1606412744988,579,1
1606412744988,1606412745456,468,1
1606412745456,1606412746014,558,1
1606412746014,1606412766227,20213,0
1606412766227,1606412766715,488,1
1606412766715,1606412767213,498,1
1606412767213,1606412767722,509,1
1606412767722,1606412768291,569,1
1606412768291,1606412768768,477,1
1606412768769,1606412769348,579,1
1606412769348,1606412769845,497,1
1606412769846,1606412770343,497,1
1606412770344,1606412770862,518,1
1606412770862,1606412771370,508,1
1606412771370,1606412771868,498,1
1606412771868,1606412772396,528,1
1606412772396,1606412772924,528,1
1606412772925,1606412773453,528,1
1606412773453,1606412773961,508,1
1606412773961,1606412774479,518,1
1606412774479,1606412775018,539,1
1606412775018,1606412775485,467,1
1606412775485,1606412775963,478,1
1606412775963,1606412776441,478,1
1606412776441,1606412776918,477,1
1606412776918,1606412777396,478,1
1606412777396,1606412777874,478,1
1606412777874,1606412778382,508,1
1606412778382,1606412778910,528,1
1606412778910,1606412779439,529,1
1606412779439,1606412779947,508,1
1606412779947,1606412780424,477,1
1606412780425,1606412780902,477,1
1606412780902,1606412781349,447,1
1606412781350,1606412781807,457,1
1606412781807,1606412782285,478,1
1606412782285,1606412782803,518,1
1606412782803,1606412783331,528,1
1606412783331,1606412783829,498,1
1606412783829,1606412784327,498,1
1606412784327,1606412784785,458,1
1606412784785,1606412785303,518,1
1606412785303,1606412805513,20210,0
1606412805513,1606412805970,457,1
1606412805971,1606412806489,518,1
1606412806489,1606412807017,528,1
1606412807017,1606412807576,559,1
1606412807576,1606412808206,630,1
1606412808206,1606412808714,508,1
1606412808714,1606412809354,640,1
1606412809354,1606412809862,508,1
1606412809862,1606412810400,538,1
1606412810400,1606412810858,458,1
1606412810858,1606412814443,3585,1
1606412814443,1606412815002,559,1
1606412815002,1606412815581,579,1
1606412815581,1606412816140,559,1
1606412816140,1606412816608,468,1
1606412816608,1606412817126,518,1
1606412817126,1606412817705,579,1
1606412817705,1606412821483,3778,1
1606412821483,1606412821951,468,1
1606412821951,1606412822469,518,1
1606412822469,1606412822936,467,1
1606412822936,1606412823424,488,1
1606412823424,1606412843634,20210,0
1606412843634,1606412844152,518,1
1606412844152,1606412844650,498,1
1606412844650,1606412864859,20209,0
1606412864859,1606412865347,488,1
1606412865347,1606412865824,477,1
1606412865824,1606412866353,529,1
1606412866353,1606412866830,477,1
1606412866830,1606412867338,508,1
1606412867339,1606412867826,487,1
1606412867826,1606412868314,488,1
1606412868314,1606412868802,488,1
1606412868802,1606412889011,20209,0
1606412889011,1606412892526,3515,1
1606412892526,1606412893004,478,1
1606412893004,1606412893481,477,1
1606412893481,1606412893959,478,1
1606412893959,1606412894406,447,1
1606412894407,1606412894965,558,1
1606412894965,1606412895504,539,1
1606412895504,1606412895971,467,1
1606412895971,1606412896449,478,1
1606412896449,1606412896947,498,1
1606412896947,1606412897435,488,1
1606412897435,1606412897983,548,1
1606412897983,1606412898573,590,1
1606412898573,1606412918781,20208,0
1606412918782,1606412919330,548,1
1606412919330,1606412919808,478,1
1606412919808,1606412920286,478,1
1606412920286,1606412920763,477,1
1606412920763,1606412921261,498,1
1606412921261,1606412921739,478,1
1606412921739,1606412922247,508,1
1606412922247,1606412922826,579,1
1606412922826,1606412923486,660,1
1606412923486,1606412924106,620,1
1606412924106,1606412924685,579,1
1606412924685,1606412925172,487,1
1606412925172,1606412925640,468,1
1606412925640,1606412926148,508,1
1606412926148,1606412926707,559,1
1606412926707,1606412927215,508,1
1606412927215,1606412927733,518,1
1606412927733,1606412928211,478,1
1606412928211,1606412928708,497,1
1606412928709,1606412929186,477,1
1606412929186,1606412929694,508,1
1606412929694,1606412930233,539,1
1606412930233,1606412930731,498,1
1606412930731,1606412931198,467,1
1606412931198,1606412931656,458,1
1606412931656,1606412932164,508,1
1606412932164,1606412932641,477,1
1606412932642,1606412933666,1024,1
1606412933666,1606412934154,488,1
1606412934154,1606412934662,508,1
1606412934662,1606412935160,498,1
1606412935160,1606412935668,508,1
1606412935668,1606412936166,498,1
1606412936166,1606412936684,518,1
1606412936684,1606412937263,579,1
1606412937263,1606412940849,3586,1
1606412940849,1606412941317,468,1
1606412941317,1606412941855,538,1
1606412941855,1606412942323,468,1
1606412942323,1606412942801,478,1
1606412942801,1606412943279,478,1
1606412943279,1606412943756,477,1
1606412943756,1606412944234,478,1
1606412944234,1606412945147,913,1
1606412945147,1606412945645,498,1
1606412945645,1606412946163,518,1
1606412946163,1606412946661,498,1
1606412946661,1606412947210,549,1
1606412947210,1606412947738,528,1
1606412947738,1606412948267,529,1
1606412948267,1606412948745,478,1
1606412948745,1606412949243,498,1
1606412949243,1606412953061,3818,1
1606412953062,1606412953662,600,1
1606412953662,1606412954201,539,1
1606412954201,1606412954760,559,1
1606412954760,1606412974973,20213,0
1606412974974,1606412975563,589,1
1606412975563,1606412976203,640,1
1606412976203,1606412979900,3697,1
1606412979900,1606413000106,20206,0
1606413000106,1606413000695,589,1
1606413000695,1606413001325,630,1
1606413001325,1606413001823,498,1
1606413001823,1606413002300,477,1
1606413002300,1606413002819,519,1
1606413002819,1606413003307,488,1
1606413003307,1606413003785,478,1
1606413003785,1606413004263,478,1
1606413004263,1606413004751,488,1
1606413004751,1606413005249,498,1
1606413005249,1606413005717,468,1
1606413005717,1606413006194,477,1
1606413006194,1606413006682,488,1
1606413006682,1606413010258,3576,1
1606413010258,1606413010736,478,1
1606413010736,1606413011224,488,1
1606413011224,1606413011712,488,1
1606413011712,1606413012240,528,1
1606413012240,1606413012718,478,1
1606413012718,1606413013196,478,1
1606413013196,1606413013694,498,1
1606413013694,1606413014192,498,1
1606413014192,1606413014721,529,1
1606413014721,1606413015198,477,1
1606413015198,1606413015696,498,1
1606413015696,1606413016174,478,1
1606413016174,1606413036385,20211,0
1606413036385,1606413036903,518,1
1606413036903,1606413037422,519,1
1606413037422,1606413037899,477,1
1606413037899,1606413038408,509,1
1606413038408,1606413038936,528,1
1606413038936,1606413039434,498,1
1606413039434,1606413039942,508,1
1606413039942,1606413040450,508,1
1606413040451,1606413040948,497,1
1606413040948,1606413041457,509,1
1606413041457,1606413041955,498,1
1606413041955,1606413042402,447,1
1606413042402,1606413042910,508,1
1606413042910,1606413043388,478,1
1606413043388,1606413043886,498,1
1606413043886,1606413044374,488,1
1606413044374,1606413044852,478,1
1606413044852,1606413045360,508,1
1606413045360,1606413045868,508,1
1606413045868,1606413046811,943,1
1606413046811,1606413047299,488,1
1606413047299,1606413047767,468,1
1606413047767,1606413048275,508,1
1606413048275,1606413048783,508,1
1606413048783,1606413049352,569,1
1606413049352,1606413050012,660,1
1606413050012,1606413050490,478,1
1606413050490,1606413050998,508,1
1606413050998,1606413051445,447,1
1606413051445,1606413051953,508,1
1606413051953,1606413052451,498,1
1606413052451,1606413052959,508,1
1606413052959,1606413056474,3515,1
1606413056474,1606413056992,518,1
1606413056992,1606413057460,468,1
1606413057460,1606413057958,498,1
1606413057958,1606413058446,488,1
1606413058446,1606413058954,508,1
1606413058954,1606413059421,467,1
1606413059421,1606413059899,478,1
1606413059899,1606413080108,20209,0
1606413080108,1606413080606,498,1
1606413080606,1606413084435,3829,1
1606413084435,1606413084912,477,1
1606413084912,1606413085390,478,1
1606413085390,1606413085868,478,1
1606413085868,1606413086346,478,1
1606413086346,1606413086884,538,1
1606413086884,1606413087402,518,1
1606413087402,1606413087880,478,1
1606413087880,1606413088419,539,1
1606413088419,1606413088937,518,1
1606413088937,1606413089425,488,1
1606413089425,1606413089892,467,1
1606413089892,1606413090370,478,1
1606413090370,1606413090858,488,1
1606413090858,1606413091366,508,1
1606413091366,1606413091884,518,1
1606413091884,1606413092362,478,1
1606413092362,1606413092840,478,1
1606413092840,1606413093348,508,1
1606413093348,1606413093876,528,1
1606413093876,1606413094344,468,1
1606413094344,1606413094821,477,1
1606413094821,1606413095299,478,1
1606413095299,1606413095777,478,1
1606413095777,1606413096255,478,1
1606413096255,1606413096702,447,1
1606413096703,1606413097160,457,1
1606413097160,1606413097658,498,1
1606413097658,1606413098136,478,1
1606413098136,1606413098613,477,1
1606413098613,1606413099152,539,1
1606413099152,1606413099680,528,1
1606413099680,1606413100188,508,1
1606413100188,1606413100656,468,1
1606413100656,1606413104241,3585,1
1606413104242,1606413104719,477,1
1606413104719,1606413105197,478,1
1606413105197,1606413105725,528,1
1606413105725,1606413106223,498,1
1606413106223,1606413106752,529,1
1606413106752,1606413107250,498,1
1606413107250,1606413107727,477,1
1606413107727,1606413108205,478,1
1606413108205,1606413108713,508,1
1606413108713,1606413109241,528,1
1606413109241,1606413109719,478,1
1606413109719,1606413110227,508,1
1606413110227,1606413110725,498,1
1606413110725,1606413111203,478,1
1606413111203,1606413111711,508,1
1606413111711,1606413112189,478,1
1606413112189,1606413112666,477,1
1606413112666,1606413113195,529,1
1606413113195,1606413113672,477,1
1606413113672,1606413133881,20209,0
1606413133881,1606413134369,488,1
1606413134369,1606413134857,488,1
1606413134857,1606413135335,478,1
1606413135335,1606413135802,467,1
1606413135802,1606413136280,478,1
1606413136280,1606413136738,458,1
1606413136738,1606413137215,477,1
1606413137215,1606413137673,458,1
1606413137673,1606413138910,1237,1
1606413138910,1606413139387,477,1
1606413139388,1606413139855,467,1
1606413139855,1606413140333,478,1
1606413140333,1606413140841,508,1
1606413140841,1606413161050,20209,0
1606413161050,1606413161528,478,1
1606413161528,1606413162036,508,1
1606413162036,1606413162513,477,1
1606413162513,1606413163062,549,1
1606413163062,1606413163560,498,1
1606413163560,1606413164088,528,1
1606413164088,1606413164556,468,1
1606413164556,1606413165084,528,1
1606413165084,1606413165592,508,1
1606413165592,1606413166070,478,1
1606413166070,1606413166578,508,1
1606413166578,1606413167086,508,1
1606413167086,1606413167554,468,1
1606413167554,1606413168052,498,1
1606413168052,1606413168540,488,1
1606413168540,1606413169018,478,1
1606413169018,1606413169485,467,1
1606413169485,1606413169973,488,1
1606413169973,1606413170451,478,1
1606413170451,1606413170928,477,1
1606413170928,1606413171436,508,1
1606413171436,1606413171934,498,1
1606413171934,1606413172442,508,1
1606413172442,1606413172920,478,1
1606413172920,1606413173398,478,1
1606413173398,1606413173865,467,1
1606413173865,1606413174374,509,1
1606413174374,1606413174851,477,1
1606413174851,1606413175329,478,1
1606413175329,1606413175807,478,1
1606413175807,1606413176315,508,1
1606413176315,1606413176843,528,1
1606413176843,1606413177371,528,1
1606413177371,1606413177869,498,1
1606413177869,1606413178378,509,1
1606413178378,1606413178855,477,1
1606413178855,1606413179333,478,1
1606413179333,1606413179861,528,1
1606413179861,1606413180420,559,1
1606413180420,1606413180928,508,1
1606413180928,1606413181396,468,1
1606413181396,1606413181873,477,1
1606413181873,1606413182381,508,1
1606413182381,1606413182910,529,1
1606413182910,1606413183387,477,1
1606413183387,1606413183885,498,1
1606413183885,1606413184373,488,1
1606413184373,1606413184871,498,1
1606413184871,1606413185379,508,1
1606413185379,1606413185847,468,1
1606413185847,1606413186355,508,1
1606413186355,1606413186833,478,1
1606413186833,1606413187361,528,1
1606413187361,1606413187879,518,1
1606413187879,1606413188336,457,1
1606413188336,1606413188875,539,1
1606413188875,1606413189363,488,1
1606413189363,1606413189840,477,1
1606413189840,1606413190328,488,1
1606413190328,1606413190775,447,1
1606413190775,1606413191253,478,1
1606413191253,1606413191741,488,1
1606413191741,1606413192269,528,1
1606413192269,1606413192737,468,1
1606413192737,1606413193225,488,1
1606413193225,1606413193672,447,1
1606413193672,1606413194150,478,1
1606413194150,1606413194688,538,1
1606413194688,1606413195156,468,1
1606413195156,1606413195644,488,1
1606413195644,1606413196162,518,1
1606413196162,1606413196670,508,1
1606413196670,1606413197148,478,1
1606413197148,1606413197676,528,1
1606413197676,1606413217885,20209,0
1606413217885,1606413218383,498,1
1606413218383,1606413218851,468,1
1606413218851,1606413219338,487,1
1606413219338,1606413219806,468,1
1606413219806,1606413220294,488,1
1606413220294,1606413221500,1206,1
1606413221500,1606413221978,478,1
1606413221978,1606413222476,498,1
1606413222476,1606413222954,478,1
1606413222954,1606413223472,518,1
1606413223472,1606413223960,488,1
1606413223960,1606413224448,488,1
1606413224448,1606413224956,508,1
1606413224956,1606413225464,508,1
1606413225464,1606413225962,498,1
1606413225962,1606413226440,478,1
1606413226440,1606413226948,508,1
1606413226948,1606413227476,528,1
1606413227476,1606413227943,467,1
1606413227943,1606413228452,509,1
1606413228452,1606413248661,20209,0
1606413248661,1606413249229,568,1
1606413249229,1606413249758,529,1
1606413249758,1606413269967,20209,0
1606413269967,1606413290175,20208,0
1606413290175,1606413290704,529,1
1606413290704,1606413291202,498,1
1606413291202,1606413311410,20208,0
1606413311410,1606413311878,468,1
1606413311878,1606413312365,487,1
1606413312366,1606413312843,477,1
1606413312843,1606413313311,468,1
1606413313311,1606413313788,477,1
1606413313788,1606413314266,478,1
1606413314266,1606413334475,20209,0
1606413334475,1606413334973,498,1
1606413334973,1606413335451,478,1
1606413335451,1606413335949,498,1
1606413335949,1606413356157,20208,0
1606413356157,1606413376371,20214,0
1606413376372,1606413376849,477,1
1606413376849,1606413377337,488,1
1606413377337,1606413377805,468,1
1606413377805,1606413378313,508,1
1606413378313,1606413378803,490,1
1606413378803,1606413379271,468,1
1606413379271,1606413399484,20213,0
1606413399484,1606413400043,559,1
1606413400043,1606413400582,539,1
1606413400582,1606413401059,477,1
1606413401059,1606413401517,458,1
1606413401517,1606413402005,488,1
1606413402005,1606413402513,508,1
1606413402513,1606413403061,548,1
1606413403062,1606413403529,467,1
1606413403529,1606413404037,508,1
1606413404038,1606413404546,508,1
1606413404546,1606413405033,487,1
1606413405034,1606413405521,487,1
1606413405521,1606413406040,519,1
1606413406040,1606413406527,487,1
1606413406527,1606413407005,478,1
1606413407005,1606413407533,528,1
1606413407534,1606413408031,497,1
1606413408031,1606413408539,508,1
1606413408540,1606413409007,467,1
1606413409008,1606413409495,487,1
1606413409495,1606413409983,488,1
1606413409983,1606413410491,508,1
1606413410491,1606413410989,498,1
1606413410989,1606413411497,508,1
1606413411497,1606413431707,20210,0
1606413431707,1606413451917,20210,0
1606413451917,1606413452416,499,1
1606413452416,1606413452903,487,1
1606413452903,1606413453371,468,1
1606413453371,1606413453849,478,1
1606413453849,1606413454327,478,1
1606413454327,1606413454774,447,1
1606413454774,1606413455232,458,1
1606413455232,1606413475442,20210,0
1606413475442,1606413475919,477,1
1606413475919,1606413476427,508,1
1606413476428,1606413476905,477,1
1606413476905,1606413477393,488,1
1606413477393,1606413477861,468,1
1606413477861,1606413478369,508,1
1606413478369,1606413478827,458,1
1606413478827,1606413479345,518,1
1606413479345,1606413479832,487,1
1606413479832,1606413480280,448,1
1606413480280,1606413480768,488,1
1606413480768,1606413481215,447,1
1606413481215,1606413481662,447,1
1606413481662,1606413482120,458,1
1606413482120,1606413482598,478,1
1606413482598,1606413483055,457,1
1606413483055,1606413483533,478,1
1606413483533,1606413483991,458,1
1606413483991,1606413484468,477,1
1606413484468,1606413484946,478,1
1606413484946,1606413485434,488,1
1606413485434,1606413485912,478,1
1606413485912,1606413486389,477,1
1606413486389,1606413486867,478,1
1606413486867,1606413487375,508,1
1606413487375,1606413487883,508,1
1606413487883,1606413488381,498,1
1606413488381,1606413488859,478,1
1606413488859,1606413489337,478,1
1606413489337,1606413489815,478,1
1606413489815,1606413490323,508,1
1606413490323,1606413490791,468,1
1606413490791,1606413491268,477,1
1606413491268,1606413491746,478,1
1606413491746,1606413511955,20209,0
1606413511955,1606413512463,508,1
1606413512463,1606413512951,488,1
1606413512951,1606413513419,468,1
1606413513419,1606413533629,20210,0
1606413533629,1606413534168,539,1
1606413534168,1606413534646,478,1
1606413534646,1606413535124,478,1
1606413535124,1606413555333,20209,0
1606413555333,1606413555862,529,1
1606413555862,1606413556370,508,1
1606413556370,1606413556838,468,1
1606413556838,1606413557336,498,1
1606413557336,1606413557803,467,1
1606413557803,1606413558271,468,1
1606413558271,1606413558779,508,1
1606413558779,1606413559257,478,1
1606413559257,1606413559775,518,1
1606413559775,1606413560283,508,1
1606413560284,1606413560761,477,1
1606413560761,1606413561239,478,1
1606413561239,1606413561717,478,1
1606413561717,1606413562194,477,1
1606413562194,1606413562652,458,1
1606413562652,1606413563129,477,1
1606413563129,1606413563607,478,1
1606413563607,1606413564136,529,1
1606413564136,1606413584345,20209,0
1606413584346,1606413584803,457,1
1606413584803,1606413585281,478,1
1606413585281,1606413585738,457,1
1606413585738,1606413586216,478,1
1606413586216,1606413586704,488,1
1606413586704,1606413587172,468,1
1606413587172,1606413587649,477,1
1606413587649,1606413588127,478,1
1606413588127,1606413588605,478,1
1606413588605,1606413589093,488,1
1606413589093,1606413589540,447,1
1606413589540,1606413590018,478,1
1606413590018,1606413590506,488,1
1606413590506,1606413610715,20209,0
1606413610715,1606413611183,468,1
1606413611183,1606413611661,478,1
1606413611661,1606413612149,488,1
1606413612149,1606413612667,518,1
1606413612667,1606413613155,488,1
1606413613155,1606413613673,518,1
1606413613673,1606413614151,478,1
1606413614151,1606413614629,478,1
1606413614629,1606413615137,508,1
1606413615137,1606413615645,508,1
1606413615645,1606413616113,468,1
1606413616113,1606413616600,487,1
1606413616600,1606413617078,478,1
1606413617078,1606413617556,478,1
1606413617556,1606413618023,467,1
1606413618023,1606413618481,458,1
1606413618481,1606413618958,477,1
1606413618959,1606413619460,501,1
1606413619460,1606413619968,508,1
1606413619968,1606413620446,478,1
1606413620446,1606413620924,478,1
1606413620924,1606413621402,478,1
1606413621402,1606413625018,3616,1
1606413625018,1606413625496,478,1
1606413625496,1606413625985,489,1
1606413625985,1606413626483,498,1
1606413626483,1606413626962,479,1
1606413626962,1606413627440,478,1
1606413627440,1606413627918,478,1
1606413627918,1606413628427,509,1
1606413628427,1606413628895,468,1
1606413628895,1606413649109,20214,0
1606413649109,1606413649598,489,1
1606413649598,1606413650107,509,1
1606413650107,1606413650606,499,1
1606413650606,1606413651084,478,1
1606413651084,1606413651603,519,1
1606413651603,1606413652091,488,1
1606413652091,1606413661696,9605,1
1606413661696,1606413662174,478,1
1606413662174,1606413682388,20214,0
1606413682388,1606413683190,802,1
1606413683190,1606413683688,498,1
1606413683688,1606413684165,477,1
1606413684165,1606413684633,468,1
1606413684633,1606413704843,20210,0
1606413704843,1606413705341,498,1
1606413705341,1606413705819,478,1
1606413705819,1606413706398,579,1
1606413706398,1606413706926,528,1
1606413706926,1606413707455,529,1
1606413707455,1606413707932,477,1
1606413707932,1606413728143,20211,0
1606413728143,1606413728620,477,1
1606413728621,1606413729129,508,1
1606413729129,1606413729607,478,1
1606413729607,1606413730095,488,1
1606413730095,1606413730613,518,1
1606413730613,1606413731091,478,1
1606413731091,1606413731578,487,1
1606413731579,1606413732046,467,1
1606413732046,1606413732575,529,1
1606413732575,1606413733052,477,1
1606413733052,1606413733530,478,1
1606413733530,1606413734008,478,1
1606413734008,1606413734486,478,1
1606413734486,1606413734963,477,1
1606413734963,1606413735441,478,1
1606413735441,1606413735919,478,1
1606413735919,1606413736397,478,1
1606413736397,1606413736874,477,1
1606413736874,1606413737322,448,1
1606413737322,1606413737799,477,1
1606413737799,1606413738307,508,1
1606413738307,1606413738805,498,1
1606413738805,1606413759016,20211,0
1606413759016,1606413759484,468,1
1606413759484,1606413759961,477,1
1606413759961,1606413760439,478,1
1606413760439,1606413760927,488,1
1606413760927,1606413761394,467,1
1606413761394,1606413761872,478,1
1606413761872,1606413762360,488,1
1606413762360,1606413762828,468,1
1606413762828,1606413763305,477,1
1606413763305,1606413763813,508,1
1606413763813,1606413764311,498,1
1606413764311,1606413764799,488,1
1606413764799,1606413765297,498,1
1606413765297,1606413765775,478,1
1606413765775,1606413766253,478,1
1606413766253,1606413766730,477,1
1606413766730,1606413767208,478,1
1606413767208,1606413767686,478,1
1606413767686,1606413768173,487,1
1606413768174,1606413768631,457,1
1606413768631,1606413769159,528,1
1606413769159,1606413769660,501,1
1606413769660,1606413770593,933,1
1606413770593,1606413771050,457,1
1606413771051,1606413771528,477,1
1606413771528,1606413771975,447,1
1606413771976,1606413772433,457,1
1606413772433,1606413772911,478,1
1606413772911,1606413773419,508,1
1606413773419,1606413773896,477,1
1606413773897,1606413774435,538,1
1606413774435,1606413774903,468,1
1606413774903,1606413775380,477,1
1606413775380,1606413775858,478,1
1606413775858,1606413776336,478,1
1606413776336,1606413776864,528,1
1606413776864,1606413777372,508,1
1606413777372,1606413777880,508,1
1606413777880,1606413778378,498,1
1606413778378,1606413778856,478,1
1606413778856,1606413779334,478,1
1606413779334,1606413782831,3497,1
1606413782831,1606413783279,448,1
1606413783279,1606413783787,508,1
1606413783787,1606413784305,518,1
1606413784305,1606413784762,457,1
1606413784762,1606413785260,498,1
1606413785261,1606413785789,528,1
1606413785789,1606413786246,457,1
1606413786246,1606413786754,508,1
1606413786754,1606413787252,498,1
1606413787252,1606413787760,508,1
1606413787760,1606413788258,498,1
1606413788258,1606413788736,478,1
1606413788736,1606413789244,508,1
1606413789244,1606413789723,479,1
1606413789723,1606413790201,478,1
1606413790201,1606413790719,518,1
1606413790719,1606413791207,488,1
1606413791207,1606413791685,478,1
1606413791685,1606413792183,498,1
1606413792183,1606413792691,508,1
1606413792691,1606413793169,478,1
1606413793169,1606413793646,477,1
1606413793646,1606413794104,458,1
1606413794104,1606413794551,447,1
1606413794551,1606413814760,20209,0
1606413814761,1606413815259,498,1
1606413815259,1606413815757,498,1
1606413815757,1606413816234,477,1
1606413816234,1606413816722,488,1
1606413816722,1606413817200,478,1
1606413817200,1606413817678,478,1
1606413817678,1606413821183,3505,1
1606413821183,1606413821661,478,1
1606413821661,1606413822159,498,1
1606413822159,1606413822636,477,1
1606413822636,1606413823134,498,1
1606413823134,1606413843344,20210,0
1606413843344,1606413843974,630,1
1606413843974,1606413844451,477,1
1606413844451,1606413844929,478,1
1606413844929,1606413865140,20211,0
1606413865140,1606413865688,548,1
1606413865689,1606413866156,467,1
1606413866156,1606413866685,529,1
1606413866685,1606413867152,467,1
1606413867152,1606413867711,559,1
1606413867711,1606413868219,508,1
1606413868219,1606413868707,488,1
1606413868707,1606413869174,467,1
1606413869175,1606413869683,508,1
1606413869683,1606413870201,518,1
1606413870201,1606413870689,488,1
1606413870689,1606413871167,478,1
1606413871167,1606413871675,508,1
1606413871675,1606413872152,477,1
1606413872152,1606413892362,20210,0
1606413892362,1606413892860,498,1
1606413892861,1606413893338,477,1
1606413893338,1606413893857,519,1
1606413893857,1606413894405,548,1
1606413894405,1606413894954,549,1
1606413894954,1606413895432,478,1
1606413895432,1606413895899,467,1
1606413895899,1606413896377,478,1
1606413896377,1606413896855,478,1
1606413896855,1606413897353,498,1
1606413897353,1606413917563,20210,0
1606413917563,1606413918051,488,1
1606413918051,1606413918549,498,1
1606413918549,1606413919057,508,1
1606413919057,1606413919575,518,1
1606413919575,1606413939785,20210,0
1606413939785,1606413940293,508,1
1606413940293,1606413940791,498,1
1606413940791,1606413941269,478,1
1606413941269,1606413941817,548,1
1606413941817,1606413942295,478,1
1606413942295,1606413942753,458,1
1606413942753,1606413943261,508,1
1606413943261,1606413943981,720,1
1606413943981,1606413944459,478,1
1606413944459,1606413944937,478,1
1606413944937,1606413945415,478,1
1606413945415,1606413946105,690,1
1606413946105,1606413947008,903,1
1606413947008,1606413947476,468,1
1606413947476,1606413947953,477,1
1606413947954,1606413948431,477,1
1606413948431,1606413948919,488,1
1606413948919,1606413949417,498,1
1606413949417,1606413949895,478,1
1606413949895,1606413950393,498,1
1606413950393,1606413950901,508,1
1606413950901,1606413951429,528,1
1606413951429,1606413951978,549,1
1606413951978,1606413952537,559,1
1606413952537,1606413953095,558,1
1606413953095,1606413953583,488,1
1606413953583,1606413954051,468,1
1606413954051,1606413954579,528,1
1606413954579,1606413955057,478,1
1606413955057,1606413955555,498,1
1606413955555,1606413956033,478,1
1606413956033,1606413956511,478,1
1606413956511,1606413957009,498,1
1606413957009,1606413957486,477,1
1606413957486,1606413958035,549,1
1606413958035,1606413978244,20209,0
1606413978244,1606413978772,528,1
1606413978772,1606413979301,529,1
1606413979301,1606413979799,498,1
1606413979799,1606413980277,478,1
1606413980277,1606413980775,498,1
1606413980775,1606413981242,467,1
1606413981242,1606413981730,488,1
1606413981730,1606413982218,488,1
1606413982218,1606413985733,3515,1
1606413985733,1606413986231,498,1
1606413986231,1606413986709,478,1
1606413986709,1606414006918,20209,0
1606414006918,1606414007426,508,1
1606414007426,1606414007914,488,1
1606414007914,1606414008412,498,1
1606414008412,1606414008880,468,1
1606414008880,1606414009388,508,1
1606414009388,1606414009866,478,1
1606414009866,1606414010344,478,1
1606414010344,1606414010821,477,1
1606414010821,1606414011299,478,1
1606414011299,1606414011777,478,1
1606414011777,1606414012255,478,1
1606414012255,1606414012763,508,1
1606414012763,1606414016409,3646,1
1606414016409,1606414016918,509,1
1606414016918,1606414017405,487,1
1606414017405,1606414017893,488,1
1606414017893,1606414018371,478,1
1606414018371,1606414018869,498,1
1606414018869,1606414019357,488,1
1606414019357,1606414019835,478,1
1606414019835,1606414020313,478,1
1606414020313,1606414020811,498,1
1606414020811,1606414021319,508,1
1606414021319,1606414021817,498,1
1606414021817,1606414022325,508,1
1606414022325,1606414022813,488,1
1606414022813,1606414023290,477,1
1606414023291,1606414023788,497,1
1606414023788,1606414024297,509,1
1606414024297,1606414024774,477,1
1606414024774,1606414025303,529,1
1606414025303,1606414025780,477,1
1606414025780,1606414026278,498,1
1606414026278,1606414026776,498,1
1606414026776,1606414027214,438,1
1606414027214,1606414027722,508,1
1606414027722,1606414028189,467,1
1606414028189,1606414028677,488,1
1606414028677,1606414029145,468,1
1606414029145,1606414029653,508,1
1606414029653,1606414030181,528,1
1606414030182,1606414030680,498,1
1606414030680,1606414031188,508,1
1606414031188,1606414031655,467,1
1606414031655,1606414032113,458,1
1606414032113,1606414032621,508,1
1606414032621,1606414033099,478,1
1606414033099,1606414053309,20210,0
1606414053309,1606414053797,488,1
1606414053797,1606414054295,498,1
1606414054295,1606414054783,488,1
1606414054783,1606414055281,498,1
1606414055281,1606414055748,467,1
1606414055748,1606414056236,488,1
1606414056236,1606414056683,447,1
1606414056684,1606414057131,447,1
1606414057131,1606414057649,518,1
1606414057649,1606414058147,498,1
1606414058147,1606414058615,468,1
1606414058615,1606414059092,477,1
1606414059092,1606414059580,488,1
1606414059580,1606414060109,529,1
1606414060109,1606414060647,538,1
1606414060647,1606414061135,488,1
1606414061135,1606414061643,508,1
1606414061643,1606414062120,477,1
1606414062120,1606414062598,478,1
1606414062598,1606414063045,447,1
1606414063045,1606414063564,519,1
1606414063564,1606414064082,518,1
1606414064082,1606414064549,467,1
1606414064549,1606414065027,478,1
1606414065027,1606414065535,508,1
1606414065535,1606414066013,478,1
1606414066013,1606414066501,488,1
1606414066501,1606414066968,467,1
1606414066968,1606414067456,488,1
1606414067456,1606414067954,498,1
1606414067954,1606414068432,478,1
1606414068432,1606414068909,477,1
1606414068909,1606414069387,478,1
1606414069387,1606414069885,498,1
1606414069885,1606414070363,478,1
1606414070363,1606414070851,488,1
1606414070851,1606414091059,20208,0
1606414091059,1606414091557,498,1
1606414091557,1606414092015,458,1
1606414092015,1606414092482,467,1
1606414092482,1606414092960,478,1
1606414092960,1606414093438,478,1
1606414093438,1606414093905,467,1
1606414093905,1606414094413,508,1
1606414094413,1606414094911,498,1
1606414094911,1606414095409,498,1
1606414095409,1606414095887,478,1
1606414095887,1606414096365,478,1
1606414096365,1606414116576,20211,0
1606414116576,1606414117034,458,1
1606414117034,1606414117522,488,1
1606414117522,1606414118040,518,1
1606414118040,1606414118518,478,1
1606414118518,1606414118995,477,1
1606414118996,1606414119473,477,1
1606414119473,1606414119961,488,1
1606414119961,1606414120479,518,1
1606414120480,1606414120978,498,1
1606414120978,1606414121486,508,1
1606414121486,1606414141695,20209,0
1606414141695,1606414142152,457,1
1606414142152,1606414142691,539,1
1606414142691,1606414143158,467,1
1606414143158,1606414163369,20211,0
1606414163369,1606414163857,488,1
1606414163857,1606414164335,478,1
1606414164335,1606414164802,467,1
1606414164802,1606414165280,478,1
1606414165280,1606414165768,488,1
1606414165768,1606414166297,529,1
1606414166297,1606414166774,477,1
1606414166774,1606414167272,498,1
1606414167273,1606414167750,477,1
1606414167750,1606414168228,478,1
1606414168228,1606414171662,3434,1
1606414171662,1606414172160,498,1
1606414172160,1606414172618,458,1
1606414172618,1606414173096,478,1
1606414173096,1606414173594,498,1
1606414173594,1606414174051,457,1
1606414174051,1606414174539,488,1
1606414174539,1606414175007,468,1
1606414175007,1606414175474,467,1
1606414175474,1606414195684,20210,0
1606414195684,1606414196212,528,1
1606414196212,1606414196701,489,1
1606414196701,1606414197168,467,1
1606414197168,1606414197656,488,1
1606414197656,1606414198154,498,1
1606414198154,1606414198642,488,1
1606414198642,1606414199110,468,1
1606414199110,1606414199587,477,1
1606414199588,1606414200065,477,1
1606414200065,1606414220276,20211,0
1606414220276,1606414220745,469,1
1606414220745,1606414221223,478,1
1606414221223,1606414221711,488,1
1606414221711,1606414222199,488,1
1606414222199,1606414222677,478,1
1606414222677,1606414223144,467,1
1606414223144,1606414223622,478,1
1606414223622,1606414224100,478,1
1606414224100,1606414224557,457,1
1606414224557,1606414225075,518,1
1606414225075,1606414225533,458,1
1606414225533,1606414225980,447,1
1606414225980,1606414226438,458,1
1606414226438,1606414226926,488,1
1606414226926,1606414227393,467,1
1606414227393,1606414227871,478,1
1606414227871,1606414228319,448,1
1606414228319,1606414228776,457,1
1606414228776,1606414229284,508,1
1606414229284,1606414229762,478,1
1606414229762,1606414230209,447,1
1606414230209,1606414230688,479,1
1606414230688,1606414231146,458,1
1606414231146,1606414231644,498,1
1606414231644,1606414232091,447,1
1606414232091,1606414232549,458,1
1606414232549,1606414233006,457,1
1606414233006,1606414233454,448,1
1606414233454,1606414233911,457,1
1606414233911,1606414254126,20215,0
1606414254126,1606414254614,488,1
1606414254614,1606414255091,477,1
1606414255092,1606414255569,477,1
1606414255569,1606414256067,498,1
1606414256068,1606414256525,457,1
1606414256525,1606414256983,458,1
1606414256983,1606414257430,447,1
1606414257430,1606414257928,498,1
1606414257928,1606414258365,437,1
1606414258365,1606414258813,448,1
1606414258813,1606414279032,20219,0
1606414279032,1606414299243,20211,0
1606414299243,1606414299742,499,1
1606414299742,1606414300260,518,1
1606414300260,1606414300758,498,1
1606414300758,1606414301256,498,1
1606414301256,1606414301754,498,1
1606414301754,1606414302232,478,1
1606414302232,1606414302720,488,1
1606414302720,1606414322939,20219,0
1606414322939,1606414323417,478,1
1606414323417,1606414323895,478,1
1606414323895,1606414344103,20208,0
1606414344103,1606414344571,468,1
1606414344571,1606414345069,498,1
1606414345069,1606414345547,478,1
1606414345547,1606414346055,508,1
1606414346055,1606414346573,518,1
1606414346573,1606414347081,508,1
1606414347082,1606414347559,477,1
1606414347559,1606414348037,478,1
1606414348037,1606414348525,488,1
1606414348525,1606414349023,498,1
1606414349023,1606414349521,498,1
1606414349521,1606414350029,508,1
1606414350029,1606414350537,508,1
1606414350537,1606414351036,499,1
1606414351036,1606414351503,467,1
1606414351503,1606414351991,488,1
1606414351991,1606414352479,488,1
1606414352479,1606414352926,447,1
1606414352926,1606414353374,448,1
1606414353374,1606414353831,457,1
1606414353831,1606414354279,448,1
1606414354279,1606414354766,487,1
1606414354767,1606414355234,467,1
1606414355234,1606414355681,447,1
1606414355681,1606414356139,458,1
1606414356139,1606414356617,478,1
1606414356617,1606414357145,528,1
1606414357145,1606414357643,498,1
1606414357643,1606414358121,478,1
1606414358121,1606414358598,477,1
1606414358598,1606414359056,458,1
1606414359056,1606414359534,478,1
1606414359534,1606414360001,467,1
1606414360001,1606414360489,488,1
1606414360489,1606414360967,478,1
1606414360967,1606414361435,468,1
1606414361435,1606414381643,20208,0
1606414381643,1606414382121,478,1
1606414382121,1606414382629,508,1
1606414382629,1606414383107,478,1
1606414383107,1606414383585,478,1
1606414383585,1606414384093,508,1
1606414384093,1606414404307,20214,0
1606414404307,1606414404815,508,1
1606414404815,1606414405283,468,1
1606414405283,1606414405740,457,1
1606414405740,1606414425950,20210,0
1606414425950,1606414446159,20209,0
1606414446159,1606414446668,509,1
1606414446668,1606414447135,467,1
1606414447135,1606414447613,478,1
1606414447613,1606414448091,478,1
1606414448091,1606414468301,20210,0
1606414468301,1606414468789,488,1
1606414468789,1606414469266,477,1
1606414469266,1606414469744,478,1
1606414469744,1606414470252,508,1
1606414470252,1606414490465,20213,0
1606414490465,1606414490973,508,1
1606414490973,1606414491483,510,1
1606414491484,1606414491971,487,1
1606414491971,1606414492469,498,1
1606414492469,1606414492937,468,1
1606414492937,1606414493415,478,1
1606414493415,1606414493892,477,1
1606414493893,1606414494370,477,1
1606414494370,1606414494828,458,1
1606414494828,1606414495306,478,1
1606414495306,1606414495783,477,1
1606414495783,1606414496262,479,1
1606414496262,1606414496739,477,1
1606414496739,1606414497217,478,1
1606414497217,1606414497695,478,1
1606414497695,1606414498183,488,1
1606414498183,1606414498650,467,1
1606414498650,1606414499128,478,1
1606414499128,1606414499656,528,1
1606414499657,1606414500134,477,1
1606414500134,1606414520344,20210,0
1606414520344,1606414520862,518,1
1606414520862,1606414521360,498,1
1606414521361,1606414521808,447,1
1606414521808,1606414522286,478,1
1606414522286,1606414522774,488,1
1606414522774,1606414523272,498,1
1606414523272,1606414523749,477,1
1606414523749,1606414524217,468,1
1606414524217,1606414524685,468,1
1606414524685,1606414525213,528,1
1606414525213,1606414525772,559,1
1606414525772,1606414526280,508,1
1606414526280,1606414526748,468,1
1606414526748,1606414546960,20212,0
1606414546960,1606414547468,508,1
1606414547468,1606414547966,498,1
1606414547966,1606414548484,518,1
1606414548485,1606414549003,518,1
1606414549003,1606414549501,498,1
1606414549501,1606414549988,487,1
1606414549989,1606414550507,518,1
1606414550507,1606414550995,488,1
1606414550995,1606414551493,498,1
1606414551493,1606414552001,508,1
1606414552001,1606414552499,498,1
1606414552499,1606414552997,498,1
1606414552997,1606414553475,478,1
1606414553475,1606414553933,458,1
1606414553933,1606414554421,488,1
1606414554421,1606414554889,468,1
1606414554889,1606414555337,448,1
1606414555337,1606414555795,458,1
1606414555795,1606414556314,519,1
1606414556314,1606414556803,489,1
1606414556803,1606414557301,498,1
1606414557301,1606414557770,469,1
1606414557770,1606414558279,509,1
1606414558279,1606414558757,478,1
1606414558757,1606414578968,20211,0
1606414578968,1606414579547,579,1
1606414579547,1606414580035,488,1
1606414580035,1606414580512,477,1
1606414580512,1606414581000,488,1
1606414581000,1606414581478,478,1
1606414581478,1606414581976,498,1
1606414581976,1606414582464,488,1
1606414582464,1606414582962,498,1
1606414582962,1606414583419,457,1
1606414583420,1606414583897,477,1
1606414583897,1606414584405,508,1
1606414584405,1606414584883,478,1
1606414584883,1606414585361,478,1
1606414585361,1606414585859,498,1
1606414585859,1606414586337,478,1
1606414586337,1606414586825,488,1
1606414586825,1606414587312,487,1
1606414587312,1606414587821,509,1
1606414587821,1606414588298,477,1
1606414588298,1606414588806,508,1
1606414588807,1606414589304,497,1
1606414589305,1606414589802,497,1
1606414589802,1606414590290,488,1
1606414590290,1606414590809,519,1
1606414590809,1606414591287,478,1
1606414591287,1606414591764,477,1
1606414591764,1606414592242,478,1
1606414592242,1606414592720,478,1
1606414592720,1606414593228,508,1
1606414593228,1606414593705,477,1
1606414593705,1606414594183,478,1
1606414594183,1606414594661,478,1
1606414594661,1606414595138,477,1
1606414595138,1606414595667,529,1
1606414595667,1606414596155,488,1
1606414596155,1606414616365,20210,0
1606414616365,1606414616853,488,1
1606414616853,1606414617331,478,1
1606414617331,1606414617808,477,1
1606414617808,1606414618317,509,1
1606414618317,1606414618815,498,1
1606414618815,1606414619292,477,1
1606414619292,1606414619770,478,1
1606414619770,1606414620248,478,1
1606414620248,1606414620725,477,1
1606414620726,1606414621254,528,1
1606414621254,1606414621752,498,1
1606414621752,1606414622261,509,1
1606414622261,1606414622789,528,1
1606414622789,1606414623267,478,1
1606414623267,1606414623806,539,1
1606414623806,1606414624283,477,1
1606414624283,1606414624751,468,1
1606414624751,1606414625259,508,1
1606414625259,1606414625737,478,1
1606414625737,1606414626215,478,1
1606414626215,1606414626723,508,1
1606414626723,1606414627241,518,1
1606414627241,1606414627719,478,1
1606414627719,1606414628258,539,1
1606414628258,1606414628756,498,1
1606414628756,1606414629294,538,1
1606414629294,1606414629802,508,1
1606414629802,1606414630280,478,1
1606414630280,1606414630768,488,1
1606414630768,1606414631225,457,1
1606414631225,1606414631703,478,1
1606414631704,1606414632151,447,1
1606414632151,1606414632598,447,1
1606414632598,1606414633056,458,1
1606414633056,1606414633564,508,1
1606414633564,1606414634012,448,1
1606414634012,1606414634490,478,1
1606414634490,1606414654701,20211,0
1606414654701,1606414674911,20210,0
1606414674911,1606414675389,478,1
1606414675389,1606414675887,498,1
1606414675887,1606414676426,539,1
1606414676426,1606414676944,518,1
1606414676944,1606414697153,20209,0
1606414697153,1606414697682,529,1
1606414697682,1606414698190,508,1
1606414698190,1606414698678,488,1
1606414698678,1606414699186,508,1
1606414699186,1606414699694,508,1
1606414699694,1606414700182,488,1
1606414700182,1606414700670,488,1
1606414700670,1606414701198,528,1
1606414701198,1606414701686,488,1
1606414701686,1606414702154,468,1
1606414702154,1606414702632,478,1
1606414702632,1606414703140,508,1
1606414703140,1606414703587,447,1
1606414703587,1606414704065,478,1
1606414704065,1606414704573,508,1
1606414704573,1606414705081,508,1
1606414705081,1606414725292,20211,0
1606414725292,1606414725780,488,1
1606414725780,1606414726308,528,1
1606414726308,1606414726806,498,1
1606414726806,1606414727314,508,1
1606414727314,1606414727792,478,1
1606414727792,1606414728290,498,1
1606414728290,1606414728768,478,1
1606414728768,1606414729276,508,1
1606414729276,1606414729754,478,1
1606414729754,1606414730251,497,1
1606414730252,1606414750461,20209,0
1606414750461,1606414750959,498,1
1606414750959,1606414771169,20210,0
1606414771169,1606414771656,487,1
1606414771657,1606414772156,499,1
1606414772156,1606414772634,478,1
1606414772634,1606414773173,539,1
1606414773173,1606414773671,498,1
1606414773671,1606414774179,508,1
1606414774179,1606414774687,508,1
1606414774687,1606414775205,518,1
1606414775205,1606414775693,488,1
1606414775693,1606414776211,518,1
1606414776211,1606414776719,508,1
1606414776720,1606414777248,528,1
1606414777248,1606414777726,478,1
1606414777726,1606414797936,20210,0
1606414797936,1606414798465,529,1
1606414798465,1606414798993,528,1
1606414798993,1606414799460,467,1
1606414799461,1606414819672,20211,0
1606414819672,1606414820170,498,1
1606414820170,1606414820658,488,1
1606414820658,1606414821126,468,1
1606414821126,1606414821634,508,1
1606414821634,1606414822105,471,1
1606414822105,1606414822603,498,1
1606414822603,1606414823071,468,1
1606414823071,1606414823579,508,1
1606414823579,1606414824026,447,1
1606414824026,1606414824514,488,1
1606414824514,1606414824972,458,1
1606414824972,1606414828689,3717,1
1606414828689,1606414829187,498,1
1606414829187,1606414829685,498,1
1606414829685,1606414830173,488,1
1606414830173,1606414830661,488,1
1606414830661,1606414831169,508,1
1606414831169,1606414831657,488,1
1606414831657,1606414832138,481,1
1606414832138,1606414832626,488,1
1606414832626,1606414833093,467,1
1606414833093,1606414833571,478,1
1606414833571,1606414834049,478,1
1606414834049,1606414834526,477,1
1606414834526,1606414835004,478,1
1606414835004,1606414835502,498,1
1606414835502,1606414836010,508,1
1606414836010,1606414836488,478,1
1606414836488,1606414836986,498,1
1606414836986,1606414837464,478,1
1606414837464,1606414837941,477,1
1606414837941,1606414838419,478,1
1606414838419,1606414838927,508,1
1606414838927,1606414839456,529,1
1606414839456,1606414839933,477,1
1606414839933,1606414840411,478,1
1606414840411,1606414840889,478,1
1606414840889,1606414841387,498,1
1606414841387,1606414841844,457,1
1606414841844,1606414842322,478,1
1606414842322,1606414842780,458,1
1606414842780,1606414843227,447,1
1606414843227,1606414846886,3659,1
1606414846886,1606414847384,498,1
1606414847384,1606414847923,539,1
Sum:2201    Sim_Error:112    %error=5.09
IP="171.255.67.106" - RSSI = -53 - Channel bit error rate = not known or not detectable